% ----------------------------------------------------------------------
%   constants for VSOP98
%    20190214  y.yoshimura
%    Inputs:
%   Outputs:
%   related function files:
%   note:
%   cf:
%   revisions;
%   
%   (c) 2019 yasuhiro yoshimura
%----------------------------------------------------------------------

%% Earth

earthVSOP = [ 1 0   1       175347045.673 0.00000000000       0.00000000000 
     1 0   2         3341656.456 4.66925680417    6283.07584999140 
     1 0   3           34894.275 4.62610241759   12566.15169998280 
     1 0   4            3417.571 2.82886579606       3.52311834900 
     1 0   5            3497.056 2.74411800971    5753.38488489680 
     1 0   6            3135.896 3.62767041758   77713.77146812050 
     1 0   7            2676.218 4.41808351397    7860.41939243920 
     1 0   8            2342.687 6.13516237631    3930.20969621960 
     1 0   9            1273.166 2.03709655772     529.69096509460 
     1 0  10            1324.292 0.74246356352   11506.76976979360 
     1 0  11             901.855 2.04505443513      26.29831979980 
     1 0  12            1199.167 1.10962944315    1577.34354244780 
     1 0  13             857.223 3.50849156957     398.14900340820 
     1 0  14             779.786 1.17882652114    5223.69391980220 
     1 0  15             990.250 5.23268129594    5884.92684658320 
     1 0  16             753.141 2.53339053818    5507.55323866740 
     1 0  17             505.264 4.58292563052   18849.22754997420 
     1 0  18             492.379 4.20506639861     775.52261132400 
     1 0  19             356.655 2.91954116867       0.06731030280 
     1 0  20             284.125 1.89869034186     796.29800681640 
     1 0  21             242.810 0.34481140906    5486.77784317500 
     1 0  22             317.087 5.84901952218   11790.62908865880 
     1 0  23             271.039 0.31488607649   10977.07880469900 
     1 0  24             206.160 4.80646606059    2544.31441988340 
     1 0  25             205.385 1.86947813692    5573.14280143310 
     1 0  26             202.261 2.45767795458    6069.77675455340 
     1 0  27             126.184 1.08302630210      20.77539549240 
     1 0  28             155.516 0.83306073807     213.29909543800 
     1 0  29             115.132 0.64544911683       0.98032106820 
     1 0  30             102.851 0.63599846727    4694.00295470760 
     1 0  31             101.724 4.26679821365       7.11354700080 
     1 0  32              99.206 6.20992940258    2146.16541647520 
     1 0  33             132.212 3.41118275555    2942.46342329160 
     1 0  34              97.607 0.68101272270     155.42039943420 
     1 0  35              85.128 1.29870743025    6275.96230299060 
     1 0  36              74.651 1.75508916159    5088.62883976680 
     1 0  37             101.895 0.97569221824   15720.83878487840 
     1 0  38              84.711 3.67080093025   71430.69561812909 
     1 0  39              73.547 4.67926565481     801.82093112380 
     1 0  40              73.874 3.50319443167    3154.68708489560 
     1 0  41              78.756 3.03698313141   12036.46073488820 
     1 0  42              79.637 1.80791330700   17260.15465469040 
     1 0  43              85.803 5.98322631256  161000.68573767410 
     1 0  44              56.963 2.78430398043    6286.59896834040 
     1 0  45              61.148 1.81839811024    7084.89678111520 
     1 0  46              69.627 0.83297596966    9437.76293488700 
     1 0  47              56.116 4.38694880779   14143.49524243060 
     1 0  48              62.449 3.97763880587    8827.39026987480 
     1 0  49              51.145 0.28306864501    5856.47765911540 
     1 0  50              55.577 3.47006009062    6279.55273164240 
     1 0  51              41.036 5.36817351402    8429.24126646660 
     1 0  52              51.605 1.33282746983    1748.01641306700 
     1 0  53              51.992 0.18914945834   12139.55350910680 
     1 0  54              49.000 0.48735065033    1194.44701022460 
     1 0  55              39.200 6.16832995016   10447.38783960440 
     1 0  56              35.566 1.77597314691    6812.76681508600 
     1 0  57              36.770 6.04133859347   10213.28554621100 
     1 0  58              36.596 2.56955238628    1059.38193018920 
     1 0  59              33.291 0.59309499459   17789.84561978500 
     1 0  60              35.954 1.70876111898    2352.86615377180 
     1 0  61              40.938 2.39850881707   19651.04848109800 
     1 0  62              30.047 2.73975123935    1349.86740965880 
     1 0  63              30.412 0.44294464135   83996.84731811189 
     1 0  64              25.352 3.16470953405    4690.47983635860 
     1 1   1    628331966747.491 0.00000000000       0.00000000000 
     1 1   2          206058.863 2.67823455584    6283.07584999140 
     1 1   3            4303.430 2.63512650414   12566.15169998280 
     1 1   4             425.264 1.59046980729       3.52311834900 
     1 1   5             108.977 2.96618001993    1577.34354244780 
     1 1   6              93.478 2.59212835365   18849.22754997420 
     1 1   7             119.261 5.79557487799      26.29831979980 
     1 1   8              72.122 1.13846158196     529.69096509460 
     1 1   9              67.768 1.87472304791     398.14900340820 
     1 1  10              67.327 4.40918235168    5507.55323866740 
     1 1  11              59.027 2.88797038460    5223.69391980220 
     1 1  12              55.976 2.17471680261     155.42039943420 
     1 1  13              45.407 0.39803079805     796.29800681640 
     1 1  14              36.369 0.46624739835     775.52261132400 
     1 1  15              28.958 2.64707383882       7.11354700080 
     1 1  16              19.097 1.84628332577    5486.77784317500 
     1 1  17              20.844 5.34138275149       0.98032106820 
     1 1  18              18.508 4.96855124577     213.29909543800 
     1 1  19              16.233 0.03216483047    2544.31441988340 
     1 1  20              17.293 2.99116864949    6275.96230299060 
     1 1  21              15.832 1.43049285325    2146.16541647520 
     1 1  22              14.615 1.20532366323   10977.07880469900 
     1 1  23              11.877 3.25804815607    5088.62883976680 
     1 1  24              11.514 2.07502418155    4694.00295470760 
     1 1  25               9.721 4.23925472239    1349.86740965880 
     1 1  26               9.969 1.30262991097    6286.59896834040 
     1 1  27               9.452 2.69957062864     242.72860397400 
     1 1  28              12.461 2.83432285512    1748.01641306700 
     1 1  29              11.808 5.27379790480    1194.44701022460 
     1 1  30               8.577 5.64475868067     951.71840625060 
     1 1  31              10.641 0.76614199202     553.56940284240 
     1 1  32               7.576 5.30062664886    2352.86615377180 
     1 1  34               6.385 2.65033984967    9437.76293488700 
     1 1  37               6.101 4.66632584188    4690.47983635860 
     1 2   1           52918.870 0.00000000000       0.00000000000 
     1 2   2            8719.837 1.07209665242    6283.07584999140 
     1 2   3             309.125 0.86728818832   12566.15169998280 
     1 2   4              27.339 0.05297871691       3.52311834900 
     1 2   5              16.334 5.18826691036      26.29831979980 
     1 2   6              15.752 3.68457889430     155.42039943420 
     1 2   7               9.541 0.75742297675   18849.22754997420 
     1 2   8               8.937 2.05705419118   77713.77146812050 
     1 2   9               6.952 0.82673305410     775.52261132400 
     1 2  10               5.064 4.66284525271    1577.34354244780 
     1 2  11               4.061 1.03057162962       7.11354700080 
     1 2  12               3.463 5.14074632811     796.29800681640 
     1 2  13               3.169 6.05291851171    5507.55323866740 
     1 2  14               3.020 1.19246506441     242.72860397400 
