


GE = 3.986e+14; % nSd͒萔 [m^3/s^2]

GE = 1.327 * 10^11;