


GE = 3.986e+14; % 地心重力定数 [m^3/s^2]

% GE = 1.327 * 10^11; %太陽の重力定数